ABC000000
DEF000000
GHI000000
000000000
000000000
000000000
000000000
000000000
000000000

JKL000000
MNO000000
PQR000000
000000000
000000000
000000000
000000000
000000000
000000000

STU000000
VWX000000
YZ*000000
000000000
000000000
000000000
000000000
000000000
000000000

000000000
000000000
000000000
000000000
000000000
000000000
000000000
000000000
000000000

000000000
000000000
000000000
000000000
000000000
000000000
000000000
000000000
000000000

000000000
000000000
000000000
000000000
000000000
000000000
000000000
000000000
000000000

000000000
000000000
000000000
000000000
000000000
000000000
000000000
000000000
000000000

000000000
000000000
000000000
000000000
000000000
000000000
000000000
000000000
000000000

000000000
000000000
000000000
000000000
000000000
000000000
000000000
000000000
000000000