123456789
234567891
345678912
456789123
567891234
678912345
789123456
891234567
912345678

234567891
345678912
456789123
567891234
678912345
789123456
891234567
912345678
123456789

345678912
456789123
567891234
678912345
789123456
891234567
912345678
123456789
234567891

456789123
567891234
678912345
789123456
891234567
912345678
123456789
234567891
345678912

567891234
678912345
789123456
891234567
912345678
123456789
234567891
345678912
456789123

678912345
789123456
891234567
912345678
123456789
234567891
345678912
456789123
567891234

789123456
891234567
912345678
123456789
234567891
345678912
456789123
567891234
678912345

891234567
912345678
123456789
234567891
345678912
456789123
567891234
678912345
789123456

912345678
123456789
234567891
345678912
456789123
567891234
678912345
789123456
891234567